1
0.943787827777538
0.890735463861044
0.840665288561832
0.793409666579749
0.748810385759002
0.706718127392749
0.666991966303012
0.629498899022189
0.594113398496503
0.560716993820546
0.529197873595844
0.499450511585514
0.471375313411672
0.444878283112758
0.419870708444391
0.396268863870148
0.373993730247880
0.352970730273065
0.333129478793467
0.314403547159150
0.296730240818887
0.280050389418363
0.264308148697410
0.249450813523032
0.235428641432242
0.222194686093952
0.209704640132323
0.197916686785356
0.186791359902078
0.176291411809595
0.166381688607613
0.157029012472938
0.148202070579886
0.139871310264724
0.132008840083142
0.124588336429501
0.117584955405216
0.110975249641207
0.104737089795945
0.0988495904662558
0.0932930402628468
0.0880488358164346
0.0830994194935339
0.0784282206133767
0.0740195999691564
0.0698587974678524
0.0659318827133354
0.0622257083673023
0.0587278661318948
0.0554266452066310
0.0523109930805626
0.0493704785283900
0.0465952566866468
0.0439760360930272
0.0415040475785047
0.0391710149080926
0.0369691270719502
0.0348910121340677
0.0329297125509715
0.0310786618778201
0.0293316627839004
0.0276828663039206
0.0261267522556333
0.0246581107582260
0.0232720247896041
0.0219638537241654
0.0207292177959537
0.0195639834351706
0.0184642494289554
0.0174263338600965
0.0164467617799466
0.0155222535742705
0.0146497139830728
0.0138262217376465
0.0130490197801440
0.0123155060329282
0.0116232246867985
0.0109698579789238
0.0103532184329566
0.00977124153534648
0.00922197882333431
0.00870359136148515
0.00821434358491942
0.00775259748862945
0.00731680714342719
0.00690551352016232
0.00651733960488241
0.00615098578858049
0.00580522551609489
0.00547890117959393
0.00517092024289675
0.00488025158365442
0.00460592204114510
0.00434701315812502
0.00410265810582719
0.00387203878181255
0.00365438307095725
0.00344896226040575
0.00325508859983505
0.00307211299886175
0.00289942285388287
0.00273643999707467
0.00258261876068267
0.00243744415012222
0.00230043011977291
0.00217111794569450
0.00204907468981584
0.00193389175045523
0.00182518349431904
0.00172258596539878
0.00162575566644379
0.00153436840893001
0.00144811822767453
0.00136671635646200
0.00128989026125331
0.00121738272773966
0.00114895100018731
0.00108436596868961
0.00102341140210545
0.000965883224115868
0.000911588829975080
0.000860346441668449
0.000811984499318399
0.000766341086800744
0.000723263389648352
0.000682607183427237
0.000644236350872136
0.000608022426164941
0.000573844164830238
0.000541587137807946
0.000511143348344016
0.000482410870416536
0.000455293507486694
0.000429700470432083
0.000405546073584082
0.000382749447851630
0.000361234269970942
0.000340928506974680
0.000321764175025073
0.000303677111803545
0.000286606761694824
0.000270495973046313
0.000255290806823951
0.000240940356023952
0.000227396575235792
0.000214614119785840
0.000202550193923066
0.000191164407538570
0.000180418640939207
0.000170276917222590
0.000160705281826163
0.000151671688847092
0.000143145893752348
0.000135099352119802
0.000127505124071301
0.000120337784077759
0.000113573335834310
0.000107189131920512
0.000101163797976620
9.54771611420803e-05
9.01101825166500e-05
8.50448934180266e-05
8.02643352225715e-05
7.57525025877189e-05
7.14942898659756e-05
6.74754405311067e-05
6.36824994471857e-05
6.01027678207037e-05
5.67242606849196e-05
5.35356667741071e-05
5.05263106533567e-05
4.76861169771446e-05
4.50055767570049e-05
4.24757155253689e-05
4.00880632889845e-05
3.78346261713192e-05
3.57078596490045e-05
3.37006432927192e-05
3.18062569279411e-05
3.00183581357558e-05
2.83309610183932e-05
2.67384161583994e-05
2.52353917043476e-05
2.38168555197615e-05
2.24780583354872e-05
2.12145178491062e-05
2.00220037181558e-05
1.88965233969120e-05
1.78343087693190e-05
1.68318035333095e-05
1.58856512942805e-05
1.49926843278604e-05
1.41499129743457e-05
1.33545156292989e-05
1.26038292967972e-05
1.18953406737032e-05
1.12266777351081e-05
1.05956017927761e-05
9.99999999999997e-06