0.898789020851151
0.760290046715069
0.701399777026884
0.480475819546659
0.452417291040092
0.439423434584595
0.371331663729962
0.345371179426778
0.318754039167531
0.288734588979533
0.252466971550992
0.174364112806208
0.173913415008255
0.165289289355816
0.154433783468126
0.145139699652324
0.143100629718950
0.108506248473155
0.106827284173217
0.105826869670468
0.0857970386679566
0.0772631565488683
0.0645688697618937
0.0584535176683754
0.0537194845743880
0.0502270782074034
0.0478924521428750
0.0435827282103069
0.0410918384187210
0.0381185712118249
0.0355182874579485
0.0350437195560452
0.0321410414151017
0.0299377950063579
0.0265380607071280
0.0238878420113588
0.0236528048196590
0.0220552865675328
0.0204220674089327
0.0194148089779047
0.0151890187063603
0.0146180163273865
0.0144851206593191
0.0135292572428797
0.0128958463400955
0.0108155222647832
0.00577937140851600
0.00513133434151221
0.00448952987927551
0.00398876512920023
0.00398542594162305
0.00382901564520899
0.00367071200992074
0.00308433413437466
0.00286535351031113
0.00281221710465805
0.00266021941517530
0.00251939330823895
0.00234577932702615
0.00230128726835082
0.00173679767877806
0.00170125788227528
0.00164065705861413
0.00138551046935261
0.00108840854799056
0.000863983164295457
0.000772413008971600
0.000674536103223545
0.000425376561174729
0.000419571424009205
0.000394586964005298
0.000316345994688272
0.000309368570854655
0.000304372162142027
0.000294045330954776
0.000206611283253284
0.000203016898522388
0.000156870590103166
0.000152902796711460
0.000126651876971772
0.000119599621342113
0.000100501723382471
9.59223174187750e-05
9.13857634018166e-05
6.71938165220480e-05
6.05880777057594e-05
4.85134014180998e-05
4.37939495961232e-05
4.09785326698808e-05
3.74297823928887e-05
3.50056376403446e-05
3.40535588562818e-05
3.12308651396244e-05
3.09572900098597e-05
2.02345518143031e-05
1.84974350463157e-05
1.40037230366202e-05
1.35545054325608e-05
1.28077728315261e-05
1.26577362530523e-05
1.23412478771847e-05
1.03838756857870e-05
8.71825331000260e-06
8.22078795358187e-06
7.80340878607935e-06
7.37062984443977e-06
5.18404359354985e-06
4.92067259962999e-06
4.13595350003626e-06
3.39769826135160e-06
3.38774784067036e-06
3.37166719439249e-06
3.18246705917622e-06
3.17247334339493e-06
2.09789425057726e-06
2.05004498599667e-06
1.76975867249509e-06
1.59571058662342e-06
1.40397407514200e-06
1.40385576634421e-06
9.55389768447191e-07
6.91119645980659e-07
6.01795152502967e-07
5.54388729553394e-07
4.74687218225834e-07
3.44246789689069e-07
3.33073720812208e-07
3.22734393657421e-07
2.87878356898088e-07
2.81203006889562e-07
2.78753993699868e-07
2.77072235306853e-07
1.63173057537197e-07
1.59578078533055e-07
1.35595621604335e-07
1.28190242352086e-07
1.12645480073775e-07
1.02148683417422e-07
8.70039799830019e-08
8.06030900337971e-08
4.81699442204892e-08
3.70403702138864e-08
3.57332015736772e-08
3.29977305401223e-08
3.07135068629300e-08
2.90207784160674e-08
2.83878943442181e-08
2.67915419098603e-08
2.64605394701081e-08
2.21223937791001e-08
1.78194933918329e-08
1.74933592038374e-08
1.61557713848748e-08
1.57661497944757e-08
1.57572097747512e-08
1.19653857523330e-08
1.14065574758073e-08
1.12638233586497e-08
1.11686579021457e-08
9.98424427083744e-09
9.93562773465247e-09
7.19700392126985e-09
7.12464346544773e-09
6.71379062759353e-09
6.66381477046099e-09
6.13846237205514e-09
5.82668737019253e-09
5.51861662715462e-09
4.91715299114561e-09
3.91586255774231e-09
3.22631629275450e-09
2.94909540714440e-09
2.05614125210289e-09
2.02804657058964e-09
1.23301248650110e-09
9.98760908722137e-10
9.39374790008664e-10
8.75146236028630e-10
7.82571550744742e-10
7.35574025330827e-10
7.34922322140102e-10
6.96056908219010e-10
6.73074847854264e-10
5.09757668914344e-10
5.08323620015496e-10
4.57159261441632e-10
4.56975753594906e-10
3.79746773199732e-10
3.56556290455435e-10
3.14615062908318e-10
2.74570957175260e-10
2.68120806809335e-10
2.66030631673609e-10
2.55320536272139e-10
2.54141586123773e-10
2.52673918115072e-10
2.40446905101549e-10
2.24447435716820e-10
1.96821339160266e-10
1.09308222899869e-10