1
0.995025125628141
0.990050251256281
0.985075376884422
0.980100502512563
0.975125628140704
0.970150753768844
0.965175879396985
0.960201005025126
0.955226130653266
0.950251256281407
0.945276381909548
0.940301507537689
0.935326633165829
0.930351758793970
0.925376884422111
0.920402010050251
0.915427135678392
0.910452261306533
0.905477386934673
0.900502512562814
0.895527638190955
0.890552763819096
0.885577889447236
0.880603015075377
0.875628140703518
0.870653266331658
0.865678391959799
0.860703517587940
0.855728643216080
0.850753768844221
0.845778894472362
0.840804020100503
0.835829145728643
0.830854271356784
0.825879396984925
0.820904522613065
0.815929648241206
0.810954773869347
0.805979899497488
0.801005025125628
0.796030150753769
0.791055276381910
0.786080402010050
0.781105527638191
0.776130653266332
0.771155778894472
0.766180904522613
0.761206030150754
0.756231155778895
0.751256281407035
0.746281407035176
0.741306532663317
0.736331658291457
0.731356783919598
0.726381909547739
0.721407035175880
0.716432160804020
0.711457286432161
0.706482412060302
0.701507537688442
0.696532663316583
0.691557788944724
0.686582914572864
0.681608040201005
0.676633165829146
0.671658291457287
0.666683417085427
0.661708542713568
0.656733668341709
0.651758793969849
0.646783919597990
0.641809045226131
0.636834170854271
0.631859296482412
0.626884422110553
0.621909547738693
0.616934673366834
0.611959798994975
0.606984924623116
0.602010050251256
0.597035175879397
0.592060301507538
0.587085427135679
0.582110552763819
0.577135678391960
0.572160804020101
0.567185929648241
0.562211055276382
0.557236180904523
0.552261306532663
0.547286432160804
0.542311557788945
0.537336683417085
0.532361809045226
0.527386934673367
0.522412060301508
0.517437185929648
0.512462311557789
0.507487437185930
0.502512562814070
0.497537688442211
0.492562814070352
0.487587939698492
0.482613065326633
0.477638190954774
0.472663316582915
0.467688442211055
0.462713567839196
0.457738693467337
0.452763819095477
0.447788944723618
0.442814070351759
0.437839195979900
0.432864321608040
0.427889447236181
0.422914572864322
0.417939698492462
0.412964824120603
0.407989949748744
0.403015075376884
0.398040201005025
0.393065326633166
0.388090452261307
0.383115577889447
0.378140703517588
0.373165829145729
0.368190954773869
0.363216080402010
0.358241206030151
0.353266331658291
0.348291457286432
0.343316582914573
0.338341708542714
0.333366834170854
0.328391959798995
0.323417085427136
0.318442211055276
0.313467336683417
0.308492462311558
0.303517587939699
0.298542713567839
0.293567839195980
0.288592964824121
0.283618090452261
0.278643216080402
0.273668341708543
0.268693467336683
0.263718592964824
0.258743718592965
0.253768844221106
0.248793969849246
0.243819095477387
0.238844221105528
0.233869346733668
0.228894472361809
0.223919597989950
0.218944723618090
0.213969849246231
0.208994974874372
0.204020100502513
0.199045226130653
0.194070351758794
0.189095477386935
0.184120603015075
0.179145728643216
0.174170854271357
0.169195979899498
0.164221105527638
0.159246231155779
0.154271356783920
0.149296482412060
0.144321608040201
0.139346733668342
0.134371859296482
0.129396984924623
0.124422110552764
0.119447236180905
0.114472361809045
0.109497487437186
0.104522613065327
0.0995477386934673
0.0945728643216080
0.0895979899497487
0.0846231155778894
0.0796482412060302
0.0746733668341709
0.0696984924623116
0.0647236180904523
0.0597487437185930
0.0547738693467337
0.0497989949748744
0.0448241206030151
0.0398492462311558
0.0348743718592965
0.0298994974874372
0.0249246231155779
0.0199497487437186
0.0149748743718593
0.0100000000000000